NB_CASE 123
 14 2
 14 3
 14 4
 14 5
 14 6
 14 7
 14 8
 15 8
 16 8
 17 8
 18 8
 19 8
 20 8
 21 8
 22 8
 23 8
 24 8
 25 8
 26 8
 27 8
 28 8
 29 8
 30 8
 31 8
 32 8
 33 8
 34 8
 35 8
 36 8
 14 9
 36 9
 14 10
 36 10
 14 11
 36 11
 14 12
 36 12
 14 13
 36 13
 14 14
 36 14
 14 15
 36 15
 14 16
 36 16
 2 17
 3 17
 4 17
 5 17
 6 17
 7 17
 8 17
 9 17
 10 17
 11 17
 12 17
 13 17
 14 17
 36 17
 2 18
 3 18
 14 18
 36 18
 3 19
 14 19
 36 19
 4 20
 14 20
 36 20
 5 21
 14 21
 36 21
 5 22
 6 22
 14 22
 36 22
 6 23
 7 23
 14 23
 36 23
 7 24
 14 24
 36 24
 8 25
 14 25
 36 25
 8 26
 14 26
 36 26
 9 27
 10 27
 11 27
 12 27
 13 27
 14 27
 15 27
 16 27
 17 27
 18 27
 19 27
 20 27
 21 27
 22 27
 23 27
 24 27
 25 27
 26 27
 27 27
 28 27
 29 27
 30 27
 31 27
 32 27
 33 27
 34 27
 35 27
 36 27
 14 28
 14 29
 14 30
 14 31
 14 32
 14 33
